   2019   1    6.2     1.8      11    23.6    51.9*
   2019   2   11.1     2.8       4    30.0    98.9*
   2019   3   10.6     4.1       1   128.6   121.9*
   2019   4   13.5     4.0       5    24.6   169.3*
   2019   5   15.2     6.8       0    44.4   183.2*
   2019   6   17.6    10.0       0    97.8   124.3*
   2019   7   21.7    13.1       0    97.4   174.4*
   2019   8   20.4    13.0       0    82.8   178.9*
   2019   9   17.1     9.7       0   132.4   149.9*
   2019  10   12.0     6.2       1   155.4    83.3*
   2019  11    7.6     3.4       5   140.6    35.8*
   2019  12    8.0     2.9       4    73.8    44.1*
   2020   1    8.8     3.9       2    63.6    44.6*
   2020   2    8.5     2.5       1   266.8    64.6*
   2020   3   10.3     2.4       5    66.0   140.2*
   2020   4   14.8     5.2       1    12.6   211.9*
   2020   5   17.1*    7.0*      2*    7.8   258.8*
   2020   6   18.4*   10.9*      0*  126.6   135.0*
   2020   7   18.2    11.2       0    91.6   128.6*
   2020   8   19.9    12.6       0    97.8   143.1*
   2020   9   17.2     9.3       0    59.8   147.6*
   2020  10   13.1     6.9       0   125.2    64.5*
   2020  11   10.8     5.4       1    72.0    46.2*
   2020  12    7.0     2.0       6   117.2    34.4*
   2021   1    5.0    -0.1      14   133.0    39.7*
   2021   2    7.2     1.8      10    99.6    66.4*
   2021   3   10.4     4.2       1    71.6   108.3*
   2021   4   11.2     1.1      11    15.6   215.8*
   2021   5   14.1     5.3       0   123.6   146.1*
   2021   6   19.9    10.5       0    22.4   172.5*
   2021   7   21.8    13.2       0   106.4   189.5*
   2021   8   19.1    12.4       0    61.0   125.7*
   2021   9   19.1    11.9       0    52.4   132.0*
   2021  10   14.7     8.5       0    92.8    86.4*
   2021  11   10.3     4.5       4    43.2    60.6*
   2021  12    7.7     3.0       5    88.5*   28.3*
   2022   1    7.6*    2.2*      9*   38.3*   74.2*
   2022   2    9.0*    3.1*      1*  198.3*   72.1*
   2022   3   11.6     3.2       5    38.6   162.3*
   2022   4   13.1     4.4       4    30.8   170.6*
   2022   5   16.5     8.7       0    48.2   141.9*
   2022   6   19.4     9.9       0    86.8   183.5*
   2022   7   21.8    13.4       0    43.4   171.5*
   2022   8   22.7    12.6       0    18.4   220.4*
   2022   9   18.0    10.1       0    62.6   121.3*
   2022  10   15.2     8.8       0    97.2   115.2*
   2022  11   10.8     5.5       3   113.6    39.4*
   2022  12    6.2     0.4      13    69.2    50.3*
   2023   1    7.7     2.1       8    99.8    69.4*
   2023   2    9.3     3.6       5    16.0    67.3*
   2023   3    9.6     3.3       7    88.4    80.0*
   2023   4   12.4     4.5       3    66.6   146.4*
   2023   5   17.3     7.9       0    22.8   192.4*
   2023   6   21.6    11.6       0    40.4   242.8*
   2023   7   19.2    12.2       0   128.2   134.1*
   2023   8   19.7    12.6       0    74.8   154.2*
   2023   9   20.4    12.3       0    76.0   133.1*
   2023  10   14.1     8.2       0   160.2    70.9*
   2023  11    9.3     4.2       5    91.6    69.3*
   2023  12    8.6     4.0       7   189.2    28.3*
   2024   1    6.7     2.1       6   106.5*   53.2*
   2024   2    9.7     4.2       5    90.8    43.1*
   2024   3   10.2     4.2       2    94.8    84.8*
   2024   4   12.5     5.2       3   107.4   109.7*
   2024   5   17.9    10.2       0    83.8   124.7*
   2024   6   17.7     9.8       0    55.2   159.3*
   2024   7   19.9    11.7       0    52.0   158.5*
   2024   8   20.0    12.5       0    29.4   156.0*
   2024   9   16.0     9.9       0   122.4   108.0*
   2024  10   14.1     7.6       0    63.8    95.9*
   2024  11    9.5     3.4       9    55.8    57.2*
   2024  12    9.2     4.5       0   115.8    26.7*